Input:
35 13 0
25 13 0
33 23 0
10 26 0
18 26 0
11 23 0
Output:
1. A3B3C3[A3[14, 31, 0], B3[14, 21, 0], C3[24, 29, 0]]
2. A3B3C3[A3[14, 31, 0], B3[14, 21, 0], C3[4, 29, 0]]
3. A3B3C3[A3[14, 21, 0], B3[14, 31, 0], C3[24, 23, 0]]
4. A3B3C3[A3[14, 21, 0], B3[14, 31, 0], C3[4, 23, 0]]

Input:
3 15 0
9 21 0
12 9 0
23 23 0
29 21 0
22 14 0
Ouput:
1. A3B3C3[A3[23, 25, 0], B3[29, 19, 0], C3[32, 31, 0]]
2. A3B3C3[A3[23, 25, 0], B3[29, 19, 0], C3[17, 16, 0]]
3. A3B3C3[A3[29, 19, 0], B3[23, 25, 0], C3[35, 28, 0]]
4. A3B3C3[A3[29, 19, 0], B3[23, 25, 0], C3[20, 13, 0]]

4 7 0
4 17 0
11 14 0
24 19 0
28 15 0
24 13 0
1. A3B3C3[A3[31, 17, 0], B3[21, 17, 0], C3[24, 24, 0]]
2. A3B3C3[A3[31, 17, 0], B3[21, 17, 0], C3[24, 10, 0]]
3. A3B3C3[A3[21, 17, 0], B3[31, 17, 0], C3[28, 24, 0]]
4. A3B3C3[A3[21, 17, 0], B3[31, 17, 0], C3[28, 10, 0]]